   1.0000000e+00   2.4303952e-01   2.9973329e-01   1.6779698e-02   2.3598398e-01   7.6377414e-01   2.1601050e-03   2.3141280e-02   6.7237309e-01   3.7107263e-02   1.0087276e-01   1.3058364e-01   1.5499174e-02   1.8319535e-01   2.7046253e-03   4.9304722e-02   1.0428371e-02   3.3951491e-01   2.2592322e-02   4.2070652e-02   2.8093102e-01   2.9559571e-01   0.0000000e+00   2.6180943e-01   7.7720131e-02   3.4384437e-01   7.3508741e-01   7.9098490e-03   3.0702666e-01   2.8167993e-01   1.0000000e+00   1.1228646e+00   1.0000000e+00             Inf
   0.0000000e+00   0.0000000e+00   4.0347064e-01   2.3017321e-01   3.1375060e-02   5.4852627e-01   2.9956322e-01   2.6002024e-01   7.3489572e-01   1.5775079e-03   6.7777226e-02   8.4845670e-02   2.0415999e-01   4.9556511e-03   1.0640640e-01   2.1453826e-01   1.8736166e-01   2.1530707e-01   7.3877166e-03   6.1864721e-01   3.5204024e-02   7.7723883e-02   2.9879083e-01   4.4661664e-03   2.2520722e-01   1.6243519e-02   4.8610920e-01   4.8903963e-01   4.9845865e-01   7.7245565e-03   0.0000000e+00   2.9737796e+00   1.0000000e+00             Inf
   1.0357459e-01   3.0599086e-02   4.9994376e-01   2.3737003e-01   2.1310666e-02   4.6251824e-01   3.4389310e-01   3.2375330e-01   7.2150977e-01   1.2815508e-02   6.6642054e-02   8.7752703e-02   2.1653244e-01   2.8542317e-02   1.4770503e-01   2.2724482e-01   1.3233666e-01   2.2723112e-01   3.6598686e-03   4.8928948e-01   2.6079696e-02   1.9139344e-02   3.6248548e-01   2.0053317e-02   1.9033909e-01   2.3704032e-02   4.7823906e-01   4.8541439e-01   5.2269509e-01   3.0017120e-03   1.0357459e-01   2.4333853e+00   1.0000000e+00   6.5972171e-02
   6.8293889e-01   2.1170480e-01   3.3055659e-01   5.0701617e-02   2.3419585e-01   7.6605919e-01   0.0000000e+00   1.0298431e-02   6.8344493e-01   3.4793304e-02   1.0320204e-01   1.3457088e-01   7.4797340e-03   1.8953232e-01   0.0000000e+00   4.6425811e-03   6.9307777e-03   3.1829590e-01   2.0627583e-02   3.1326356e-02   2.3806788e-01   3.1150065e-01   1.2196576e-03   2.6214175e-01   9.2876204e-02   3.7180827e-01   7.7942098e-01   0.0000000e+00   3.5957849e-01   3.5740873e-01   6.8293889e-01   1.4434586e+00   1.0000000e+00   6.5065410e-02
   6.8248690e-01   2.7186229e-01   2.9946938e-01   6.6215359e-03   2.7780505e-01   8.3419237e-01   7.8785690e-03   9.2567725e-04   6.4907301e-01   3.8649498e-02   9.5751745e-02   1.4001988e-01   1.8099483e-03   2.5272552e-01   4.6080914e-03   2.0470354e-02   1.7259940e-03   3.8256927e-01   1.7593905e-02   1.0881936e-01   2.3267709e-01   3.8878468e-01   2.4114783e-02   2.4239584e-01   8.7420884e-02   3.7986327e-01   7.8327436e-01   5.8633956e-03   3.6193680e-01   2.9804929e-01   6.8248690e-01   1.5154412e+00   1.0000000e+00   6.3098999e-02
   2.6336479e-02   0.0000000e+00   4.0573485e-01   2.2248247e-01   2.4333130e-02   5.4645150e-01   2.9489397e-01   2.6475878e-01   7.3670528e-01   1.7994970e-03   6.9119805e-02   8.4220798e-02   1.9499437e-01   6.7127855e-03   1.1653130e-01   2.1820408e-01   1.9411092e-01   2.2387881e-01   7.6831546e-03   6.3577740e-01   4.4752245e-02   7.2802781e-02   3.1707394e-01   2.0844241e-03   2.1319523e-01   1.2464331e-02   5.1245538e-01   5.3542339e-01   4.9727847e-01   2.8945365e-02   2.6336479e-02   2.7308721e+00   1.0000000e+00   6.1785885e-02
   1.5583291e-02   7.9354584e-03   3.9423157e-01   2.3442814e-01   2.3185648e-03   5.6096638e-01   2.9113619e-01   2.9655615e-01   7.2325239e-01   2.9277789e-03   6.9530996e-02   8.7382026e-02   2.0383154e-01   3.3065468e-03   1.2457222e-01   2.2847990e-01   1.7505039e-01   2.2658339e-01   9.3403484e-04   5.9527193e-01   3.0718410e-02   6.3440474e-02   3.2803683e-01   2.8889547e-04   2.2028615e-01   1.1307616e-02   4.8952614e-01   5.1812300e-01   4.9865391e-01   4.8942073e-02   1.5583291e-02   2.7818606e+00   1.0000000e+00   5.3682868e-02
   8.9960520e-01   2.3685138e-01   3.1378726e-01   3.0826452e-02   2.0749216e-01   7.0790450e-01   3.3314056e-03   1.6571016e-02   6.7667369e-01   3.5679813e-02   1.0623959e-01   1.3856967e-01   1.6309904e-02   1.8221012e-01   3.0075608e-03   1.3298611e-02   6.4200341e-03   3.2892268e-01   2.2522624e-02   4.3030696e-02   2.6631766e-01   3.0786637e-01   6.2985694e-04   2.1666361e-01   6.2812510e-02   3.4823373e-01   7.5313426e-01   1.2411268e-04   3.6289475e-01   3.1021808e-01   8.9960520e-01   1.1947987e+00   1.0000000e+00   5.3429008e-02
   1.2136054e-01   2.7870601e-02   5.0392720e-01   2.4702211e-01   4.7813877e-02   4.5506705e-01   3.2644780e-01   3.0958022e-01   7.2957885e-01   1.1773891e-02   6.6242254e-02   8.5719256e-02   2.2755217e-01   0.0000000e+00   1.3884277e-01   2.3391141e-01   1.3483230e-01   2.2009874e-01   4.6492089e-03   4.8592048e-01   4.9207006e-03   5.9396295e-02   3.7032392e-01   3.6681136e-03   1.9496738e-01   5.9540745e-02   4.7675008e-01   4.8693303e-01   5.1548417e-01   3.7821966e-03   1.2136054e-01   2.3933068e+00   1.0000000e+00   5.3382152e-02
   5.5613787e-01   2.6207166e-01   3.1812652e-01   5.7505400e-03   2.5248278e-01   8.1496557e-01   1.6334210e-03   7.2133911e-03   6.6121512e-01   3.1499672e-02   9.0763444e-02   1.3316906e-01   1.6648168e-02   2.5827676e-01   1.3089930e-02   0.0000000e+00   4.4036345e-04   3.4458758e-01   1.7052644e-02   1.2026473e-01   2.2579755e-01   4.1577691e-01   1.4234985e-02   2.4336235e-01   9.6159337e-02   3.8389537e-01   7.6083896e-01   1.9281015e-02   3.7172888e-01   2.7760714e-01   5.5613787e-01   1.6386980e+00   1.0000000e+00   5.0869255e-02
   9.2652681e-01   2.4059172e-01   3.1541873e-01   4.8836050e-02   2.0787741e-01   7.2132359e-01   1.7155744e-02   3.7571187e-02   6.8078417e-01   3.4035838e-02   1.0697700e-01   1.4138844e-01   5.5791559e-03   1.9067021e-01   3.5571581e-03   7.2681641e-03   5.2941064e-03   3.2542485e-01   2.0247316e-02   5.9261688e-02   2.5064666e-01   3.0695536e-01   1.0470520e-02   2.1052040e-01   7.5553700e-02   3.6613767e-01   7.4379351e-01   8.7711427e-04   3.4605976e-01   3.1337751e-01   9.2652681e-01   1.1879219e+00   1.0000000e+00   4.8115378e-02
   7.6439301e-02   3.0032723e-02   5.0638493e-01   2.3731190e-01   4.1188590e-02   4.7318430e-01   3.6041651e-01   3.1945969e-01   7.2833203e-01   1.3041854e-02   6.4928654e-02   8.5896858e-02   2.1098538e-01   2.0478201e-02   1.4241879e-01   2.2578593e-01   1.3375541e-01   2.2482742e-01   5.2166187e-03   5.0844788e-01   1.3832812e-02   3.4533363e-02   3.5583327e-01   2.4853048e-02   1.9114751e-01   3.1304879e-02   4.7447871e-01   5.0240014e-01   5.1929334e-01   0.0000000e+00   7.6439301e-02   2.5312176e+00   1.0000000e+00   4.7634177e-02
   2.9160914e-01   4.5535150e-03   4.3052508e-01   2.7761824e-01   2.4386383e-02   5.3931808e-01   2.4025542e-01   3.8048361e-01   7.2401404e-01   5.6638857e-03   5.4210010e-02   7.9580973e-02   1.9336640e-01   1.2039827e-03   1.7514153e-01   2.8045743e-01   1.6449859e-01   2.2762803e-01   1.6082538e-02   4.3370975e-01   1.3792742e-02   2.7872000e-02   3.2096626e-01   5.6111620e-02   1.8826404e-01   6.6118816e-02   4.7207724e-01   4.2219619e-01   5.0790822e-01   1.8460899e-03   2.9160914e-01   2.0346748e+00   1.0000000e+00   4.7179830e-02
   5.0127399e-01   9.1675721e-02   0.0000000e+00   2.3603570e-03   2.3536941e-01   9.2658002e-01   3.1851821e-01   2.1221970e-02   5.3760120e-01   5.7938410e-02   1.4014354e-01   1.0686273e-01   2.1270767e-03   2.4599794e-01   1.1615220e-02   0.0000000e+00   1.3994924e-02   3.5381729e-01   4.5469295e-02   3.3790359e-01   3.4791135e-01   3.5187155e-01   2.6832010e-02   2.0238260e-01   5.1903792e-02   3.9380300e-01   7.3487318e-01   0.0000000e+00   3.7239919e-01   3.6057107e-01   5.0127399e-01   1.7360304e+00   1.0000000e+00   4.6642455e-02
   5.5186218e-01   2.9278836e-01   3.2291603e-01   0.0000000e+00   3.3943543e-01   8.6066791e-01   8.6839955e-05   2.4052987e-05   6.7091886e-01   4.1783743e-02   9.6584668e-02   1.3788451e-01   5.2416499e-03   2.6038109e-01   0.0000000e+00   5.1288052e-02   1.2777604e-02   3.1601085e-01   1.8389239e-02   0.0000000e+00   2.2608364e-01   4.5110711e-01   1.5046163e-02   2.4828902e-01   9.9916314e-02   4.1456179e-01   7.7923616e-01   0.0000000e+00   3.6769200e-01   2.8512724e-01   5.5186218e-01   1.6815902e+00   1.0000000e+00   4.6163030e-02
   6.5906040e-01   2.6952653e-01   2.9241752e-01   0.0000000e+00   2.5913535e-01   8.3709464e-01   1.0277212e-02   5.0513143e-03   6.4936736e-01   3.6139538e-02   9.3884662e-02   1.3723178e-01   1.0680561e-03   2.5375313e-01   0.0000000e+00   9.8499445e-03   0.0000000e+00   3.6196264e-01   1.7593075e-02   9.2169641e-02   2.2752242e-01   3.6436520e-01   1.6938218e-02   2.4383023e-01   9.7240674e-02   3.6852314e-01   7.9442902e-01   0.0000000e+00   3.5824795e-01   3.1843106e-01   6.5906040e-01   1.5160525e+00   1.0000000e+00   4.5547824e-02
   3.1979763e-01   2.2681166e-02   4.3174103e-01   2.7869951e-01   1.9093680e-02   4.9968159e-01   2.6960867e-01   4.2072151e-01   7.1552064e-01   1.7032139e-03   5.6775458e-02   7.7117209e-02   1.9731565e-01   3.0802771e-03   1.5781611e-01   2.4937446e-01   1.6718577e-01   2.2121573e-01   1.7799341e-02   4.0301840e-01   2.8413800e-02   3.0832018e-03   3.2230329e-01   6.5095893e-02   1.9181803e-01   5.4626738e-02   5.0171801e-01   5.1220654e-01   5.2306998e-01   9.1471967e-05   3.1979763e-01   2.0122398e+00   1.0000000e+00   4.5306304e-02
   3.8477293e-02   1.1154720e-02   5.1219342e-01   2.5830319e-01   1.0057239e-02   5.3041922e-01   3.3221808e-01   2.9617747e-01   7.2462900e-01   1.4011253e-02   6.7851134e-02   8.3598346e-02   2.4277039e-01   0.0000000e+00   1.5013565e-01   2.3352157e-01   1.8073120e-01   2.2633200e-01   3.9937319e-03   4.6569922e-01   1.9543404e-03   3.6884347e-02   3.2210431e-01   2.7872334e-02   1.9813792e-01   1.0772895e-02   4.2982437e-01   4.6335942e-01   5.1103809e-01   0.0000000e+00   3.8477293e-02   2.6313554e+00   1.0000000e+00   4.5060054e-02
   3.9443713e-01   9.2796054e-02   3.0601118e-02   2.2881371e-03   2.3207329e-01   8.6817653e-01   2.9242691e-01   3.0540415e-03   5.1683886e-01   7.9449126e-02   1.3411704e-01   1.0442925e-01   3.5076440e-02   2.0214772e-01   0.0000000e+00   1.7631276e-02   7.2664743e-03   3.4125306e-01   5.0041443e-02   3.1777824e-01   2.8483675e-01   3.1331377e-01   2.9628656e-02   2.5751388e-01   5.6886462e-02   3.7418456e-01   8.0713763e-01   1.2075475e-02   3.8613906e-01   3.8217171e-01   3.9443713e-01   1.8581185e+00   1.0000000e+00   4.4737187e-02
   7.0647710e-01   2.0993064e-01   3.3103234e-01   6.0879888e-02   2.4457100e-01   7.6343455e-01   8.7683397e-03   7.9238789e-03   6.8969070e-01   3.4852109e-02   1.0589878e-01   1.3429714e-01   1.8803396e-02   1.9812110e-01   1.3007008e-03   2.1513706e-03   8.0619927e-04   3.2205301e-01   2.1170611e-02   3.9195635e-02   2.4614060e-01   3.2212844e-01   1.3137529e-02   2.5931339e-01   8.8690986e-02   3.7383132e-01   7.8282836e-01   3.2712188e-03   3.6552843e-01   3.4729475e-01   7.0647710e-01   1.4394145e+00   1.0000000e+00   4.4406320e-02
   3.8943639e-01   9.9550714e-02   3.5049795e-03   2.1275313e-02   2.3490407e-01   9.3395506e-01   3.0338516e-01   0.0000000e+00   5.3964708e-01   8.6003029e-02   1.3610155e-01   1.0396212e-01   2.3750643e-02   2.0390984e-01   5.2405096e-03   6.9452411e-03   1.1134572e-02   3.3730074e-01   4.6444398e-02   3.5513732e-01   2.9008562e-01   3.3481988e-01   2.0356449e-02   2.3636740e-01   5.5877390e-02   3.7423755e-01   7.8091345e-01   1.5948544e-02   3.8931918e-01   4.1317860e-01   3.8943639e-01   1.8984688e+00   1.0000000e+00   4.3572542e-02
   4.4602407e-01   1.0722363e-01   6.7735368e-03   2.5836660e-02   2.5107862e-01   8.6683985e-01   3.0625315e-01   2.6108877e-02   5.3537706e-01   7.4856415e-02   1.3199435e-01   1.0429200e-01   4.4112629e-02   2.1366882e-01   7.9136019e-03   1.0008269e-02   8.4754415e-03   3.3393515e-01   4.5225942e-02   3.1342762e-01   2.8999782e-01   3.2994390e-01   0.0000000e+00   2.4231123e-01   5.8109446e-02   4.3038209e-01   7.5638326e-01   7.1413627e-05   3.9301099e-01   3.7950660e-01   4.4602407e-01   1.8053759e+00   1.0000000e+00   4.3540581e-02
   5.1277943e-01   2.8672403e-01   3.1468833e-01   0.0000000e+00   3.2863652e-01   8.6146603e-01   9.3039097e-03   2.5798134e-03   6.7667545e-01   4.4990011e-02   9.8376967e-02   1.3589713e-01   1.6048661e-02   2.1580380e-01   1.5560529e-03   5.2545270e-02   1.5097930e-02   3.1932301e-01   1.8041645e-02   2.8039770e-02   2.1220392e-01   4.2662605e-01   0.0000000e+00   2.5683421e-01   1.0130097e-01   3.9935908e-01   7.6999951e-01   5.7613987e-03   3.7657653e-01   2.8205672e-01   5.1277943e-01   1.7134943e+00   1.0000000e+00   4.3504262e-02
   8.1654121e-01   2.1196641e-01   3.0439618e-01   1.3537296e-02   2.3650651e-01   7.4011319e-01   1.4241352e-02   1.5332800e-02   6.8137489e-01   3.6036693e-02   1.0648240e-01   1.4960604e-01   5.2294824e-03   1.8271148e-01   1.5415361e-03   1.3477670e-04   2.3360328e-03   3.2650492e-01   2.1984634e-02   0.0000000e+00   2.5691936e-01   3.0647114e-01   1.0568522e-02   2.4894875e-01   9.1769663e-02   4.2204084e-01   7.7954739e-01   2.4552555e-02   3.7543213e-01   3.4333368e-01   8.1654121e-01   1.3128055e+00   1.0000000e+00   4.3388250e-02
   2.2413560e-01   0.0000000e+00   4.0915956e-01   2.5086825e-01   5.5667650e-03   5.1346997e-01   2.5187966e-01   4.2139577e-01   7.1755408e-01   2.9849949e-03   5.7640016e-02   7.7177007e-02   1.5532934e-01   4.7442385e-04   1.6333084e-01   2.6881147e-01   1.5192289e-01   2.2959603e-01   1.5000120e-02   4.3329038e-01   6.4199419e-03   2.2345846e-02   2.9220186e-01   2.8186796e-02   1.9070647e-01   4.9475974e-02   5.2020173e-01   4.8509317e-01   5.0793257e-01   0.0000000e+00   2.2413560e-01   2.1220599e+00   1.0000000e+00   4.2509609e-02
   8.5828712e-01   2.7583021e-01   3.0073670e-01   1.0225757e-02   2.3511440e-01   7.3980922e-01   2.1371601e-02   0.0000000e+00   6.8577004e-01   3.5384615e-02   1.0533544e-01   1.3905189e-01   2.4994925e-02   2.0090425e-01   9.5539351e-03   9.6625853e-03   0.0000000e+00   3.2633644e-01   2.2045221e-02   4.9991962e-03   2.8118321e-01   2.6839407e-01   5.9029175e-03   2.5177510e-01   8.3253946e-02   3.7643997e-01   7.5535409e-01   0.0000000e+00   3.6460698e-01   3.3460704e-01   8.5828712e-01   1.2651900e+00   1.0000000e+00   4.2441243e-02
   2.0976191e-01   0.0000000e+00   4.2142978e-01   2.6409966e-01   2.3735916e-02   5.3782773e-01   2.2844982e-01   4.0500599e-01   7.1546214e-01   4.8735410e-03   5.8376888e-02   8.5941565e-02   1.7054072e-01   1.5717837e-03   1.6129887e-01   2.7197906e-01   1.4576077e-01   2.2646911e-01   1.7430932e-02   4.1151614e-01   0.0000000e+00   3.8579016e-02   2.9092198e-01   5.0341241e-02   1.9027953e-01   8.3329230e-02   4.8629397e-01   4.3465199e-01   5.1528027e-01   0.0000000e+00   2.0976191e-01   2.1520991e+00   1.0000000e+00   4.2056195e-02
   3.8402670e-01   9.6980776e-02   8.7672039e-03   4.4217515e-02   2.3190116e-01   9.5930604e-01   3.0170449e-01   1.0814258e-02   5.3541395e-01   8.4839306e-02   1.3511189e-01   1.0413761e-01   3.1728105e-02   2.0941801e-01   5.4410508e-03   4.3454064e-03   1.2785133e-02   3.4567218e-01   4.7467716e-02   3.5238661e-01   2.9438846e-01   3.3843844e-01   3.3961761e-02   2.2924136e-01   4.9694983e-02   4.1645900e-01   7.7378482e-01   6.9547022e-03   3.8882567e-01   4.2224687e-01   3.8402670e-01   1.9348034e+00   1.0000000e+00   4.1183410e-02
   8.2205565e-02   3.0901560e-02   4.8045545e-01   2.2895358e-01   2.6699717e-02   4.4221847e-01   3.4513285e-01   3.1419721e-01   7.2059446e-01   1.5026392e-02   6.2235779e-02   8.7905495e-02   2.1103926e-01   2.1703274e-02   1.4803360e-01   2.1817422e-01   1.3172396e-01   2.2478731e-01   9.1322457e-04   4.9418641e-01   2.5210618e-02   1.7547850e-02   3.7972748e-01   9.9220126e-03   1.9001936e-01   3.0227985e-02   4.7720782e-01   5.1579249e-01   5.2455440e-01   0.0000000e+00   8.2205565e-02   2.4836563e+00   1.0000000e+00   4.1164151e-02
   3.5140253e-01   1.1447392e-02   3.6570694e-01   2.7958392e-01   5.0346772e-03   4.6620454e-01   2.9844905e-01   3.8389645e-01   7.4184947e-01   2.6350310e-03   6.1991903e-02   8.0925956e-02   2.0266266e-01   2.1518453e-02   1.3799538e-01   2.1750648e-01   1.1826962e-01   2.1599621e-01   1.6588136e-02   4.6812073e-01   1.7980760e-03   8.8712047e-02   4.1275267e-01   1.9573783e-02   1.8329241e-01   1.4330972e-01   5.7344435e-01   5.5163202e-01   4.9839838e-01   6.9424679e-03   3.5140253e-01   2.0071800e+00   1.0000000e+00   4.0963405e-02
   4.9120594e-01   8.8283469e-02   0.0000000e+00   9.0886254e-03   2.3576205e-01   9.5520454e-01   3.1868146e-01   3.3943973e-02   5.3208265e-01   5.9796861e-02   1.3955856e-01   1.0584221e-01   1.2810655e-03   2.4585754e-01   1.1781827e-02   6.3959019e-04   1.4795198e-02   3.5071060e-01   4.5905809e-02   3.4136469e-01   3.4155144e-01   3.3626796e-01   2.6187879e-02   2.0180552e-01   5.0366093e-02   3.7222325e-01   7.2932847e-01   1.4445926e-02   3.7398143e-01   4.0188378e-01   4.9120594e-01   1.7598949e+00   1.0000000e+00   4.0797636e-02
   3.0908380e-01   6.0753995e-03   4.3305552e-01   2.8223745e-01   2.5303094e-02   4.9970496e-01   2.6716621e-01   4.1334004e-01   7.1497472e-01   3.0410970e-03   5.4825295e-02   7.4765121e-02   1.9721798e-01   0.0000000e+00   1.5726482e-01   2.4572401e-01   1.5734567e-01   2.2079386e-01   1.7775174e-02   3.8768472e-01   4.2619878e-02   0.0000000e+00   3.1217238e-01   6.5131051e-02   1.9182582e-01   5.5348703e-02   4.9852634e-01   5.0165250e-01   5.2415877e-01   1.2048514e-03   3.0908380e-01   2.0127098e+00   1.0000000e+00   4.0309526e-02
   3.0919402e-02   3.1001255e-02   4.4381486e-01   2.4611748e-01   2.5603831e-02   4.6945844e-01   3.4373586e-01   3.2091833e-01   7.1825779e-01   1.4671979e-02   6.4476086e-02   8.8184438e-02   2.2139214e-01   1.0080614e-02   1.3523251e-01   2.3273549e-01   1.3376451e-01   2.2803799e-01   6.0043030e-03   4.7664497e-01   1.1407723e-02   1.1055624e-02   3.2665767e-01   3.3385785e-02   1.9438505e-01   3.2327274e-02   4.9580447e-01   5.0400421e-01   5.2258400e-01   0.0000000e+00   3.0919402e-02   2.6651875e+00   1.0000000e+00   3.8683766e-02
   5.6814144e-01   2.9313926e-01   3.1592929e-01   1.2685713e-03   2.4950336e-01   8.1571421e-01   0.0000000e+00   0.0000000e+00   6.5211701e-01   3.1880115e-02   9.2219626e-02   1.3482076e-01   9.4752185e-03   2.5554164e-01   4.0481557e-03   7.8496503e-03   6.4250087e-03   3.4635811e-01   1.7586251e-02   7.9783329e-02   2.3663966e-01   4.2280662e-01   3.9880577e-03   2.4999542e-01   9.5976503e-02   3.9334531e-01   7.6005048e-01   7.4530074e-03   3.5933913e-01   2.8376754e-01   5.6814144e-01   1.6175671e+00   1.0000000e+00   3.8374435e-02
   5.2811337e-01   2.9629475e-01   3.1666872e-01   0.0000000e+00   3.4072554e-01   8.4721237e-01   7.1867416e-03   4.4701323e-03   6.7659650e-01   4.4387790e-02   9.6670088e-02   1.3551622e-01   1.4953540e-02   2.2964433e-01   6.7980274e-04   5.3616014e-02   1.7003262e-02   3.2462846e-01   1.8031199e-02   7.4022347e-03   2.1682443e-01   4.2839229e-01   1.0843399e-02   2.6305044e-01   1.0764611e-01   4.0569200e-01   7.7066912e-01   1.0292728e-02   3.7259927e-01   2.7935639e-01   5.2811337e-01   1.7051852e+00   1.0000000e+00   3.7605874e-02
   3.6091271e-01   9.6933186e-02   3.5777995e-03   3.5586491e-02   2.3755831e-01   9.3489046e-01   2.9968406e-01   2.5530409e-04   5.3714403e-01   8.0450110e-02   1.3364254e-01   1.0252184e-01   2.8081708e-02   2.0139396e-01   9.0387604e-03   6.3910468e-03   9.1830953e-03   3.4180875e-01   4.5638534e-02   3.6384783e-01   2.9531566e-01   3.3059235e-01   3.5472564e-02   2.3001326e-01   5.4101163e-02   4.0609829e-01   7.7757890e-01   1.5978249e-02   3.9075633e-01   4.1553126e-01   3.6091271e-01   1.9529437e+00   1.0000000e+00   3.7562722e-02
   4.0460108e-01   9.4387464e-02   6.9228535e-03   2.5700921e-03   2.2586384e-01   8.9407621e-01   2.9111033e-01   0.0000000e+00   5.2105128e-01   7.9793574e-02   1.3724741e-01   1.0410227e-01   3.1411341e-02   2.0949295e-01   7.0348079e-03   3.9122831e-03   2.2360231e-03   3.4360608e-01   4.7626992e-02   3.2217876e-01   2.8093523e-01   3.0689071e-01   2.4449052e-02   2.5792823e-01   5.3928909e-02   3.7338127e-01   7.9818372e-01   1.4030250e-02   3.8361293e-01   4.1093859e-01   4.0460108e-01   1.8437326e+00   1.0000000e+00   3.7278992e-02
   6.7847192e-02   1.0972383e-02   5.1837089e-01   2.7575141e-01   3.6966191e-02   5.2418547e-01   3.3101629e-01   3.0635663e-01   7.3547854e-01   1.3956259e-02   5.7530181e-02   8.2883641e-02   2.3144520e-01   1.9218899e-02   1.3967639e-01   2.4998249e-01   1.5341837e-01   2.0826362e-01   3.0795724e-03   4.9907819e-01   9.7866776e-04   6.9249590e-02   3.9009597e-01   4.3790128e-02   2.0563352e-01   6.2602398e-02   4.1681609e-01   3.8109549e-01   5.0836994e-01   0.0000000e+00   6.7847192e-02   2.5579768e+00   1.0000000e+00   3.7221050e-02
   4.6105960e-01   9.0544467e-02   1.6036512e-02   2.5891599e-02   2.4953156e-01   8.7472563e-01   3.1569624e-01   2.7801009e-02   5.2983690e-01   7.5705685e-02   1.3240735e-01   1.0512827e-01   5.3005327e-02   2.1362547e-01   8.2576857e-03   7.6648027e-03   8.6725008e-03   3.3465981e-01   4.7437733e-02   3.2895601e-01   2.8858261e-01   3.3058557e-01   8.6455204e-04   2.4245434e-01   5.9231362e-02   4.2712502e-01   7.5534326e-01   0.0000000e+00   4.0167943e-01   3.7505960e-01   4.6105960e-01   1.7945097e+00   1.0000000e+00   3.7212667e-02
   1.7643367e-01   3.8875851e-03   4.1574619e-01   2.6492777e-01   2.5327801e-03   5.0452272e-01   2.5009118e-01   4.3056620e-01   7.1327081e-01   3.1973977e-03   5.9068584e-02   8.1647837e-02   1.7246271e-01   1.1203712e-02   1.6597090e-01   2.7357069e-01   1.5593299e-01   2.3427245e-01   1.5646987e-02   4.2541326e-01   4.2243779e-03   2.9955555e-02   3.0199799e-01   4.1750318e-02   1.9474875e-01   5.3631673e-02   5.1032059e-01   4.7328587e-01   5.0421871e-01   0.0000000e+00   1.7643367e-01   2.2325710e+00   1.0000000e+00   3.7122844e-02
   5.2735821e-02   4.9952571e-03   4.9674601e-01   2.4228861e-01   3.4800331e-02   4.7691286e-01   3.4309190e-01   3.1865863e-01   7.2938566e-01   1.1478953e-02   6.5006050e-02   8.6652716e-02   2.1926559e-01   3.5336252e-03   1.4157502e-01   2.3315213e-01   1.3257532e-01   2.2869608e-01   3.3365535e-03   4.8235963e-01   1.3931558e-02   3.4787132e-02   3.5969525e-01   2.6639201e-02   1.9363650e-01   2.6426611e-02   4.6796050e-01   4.9219376e-01   5.1917632e-01   0.0000000e+00   5.2735821e-02   2.5861702e+00   1.0000000e+00   3.6977668e-02
   9.8515647e-01   2.5095830e-01   2.8104050e-01   1.6855793e-02   2.4759103e-01   7.5233032e-01   3.0966276e-03   3.0098959e-02   6.8083816e-01   3.3307121e-02   1.0553284e-01   1.2945358e-01   1.3129633e-02   1.7730362e-01   0.0000000e+00   5.9396015e-02   1.1224378e-02   3.3926292e-01   2.1105606e-02   1.0704172e-02   2.8291287e-01   2.9166846e-01   4.8716247e-03   2.4537699e-01   7.4952517e-02   3.5933023e-01   7.6074315e-01   3.7858808e-03   3.2135109e-01   2.9991618e-01   9.8515647e-01   1.1409222e+00   1.0000000e+00   3.6813187e-02
   5.4091041e-01   2.9665299e-01   3.1447729e-01   1.2617850e-02   3.0140132e-01   8.4354740e-01   5.8303222e-03   0.0000000e+00   6.7131575e-01   4.2552217e-02   9.5240907e-02   1.3553144e-01   0.0000000e+00   2.4060450e-01   3.6897787e-03   4.5844298e-02   3.1401876e-03   3.2157126e-01   1.8259703e-02   9.3538614e-03   2.2986844e-01   4.4105428e-01   3.8514882e-02   2.5715363e-01   1.0510022e-01   4.2600332e-01   7.8027055e-01   1.4055588e-03   3.7335288e-01   3.0653164e-01   5.4091041e-01   1.6959571e+00   1.0000000e+00   3.6496518e-02
   1.6403262e-01   5.0083511e-02   4.9364724e-01   2.4548046e-01   3.2657281e-02   4.4555736e-01   3.2501780e-01   2.9916444e-01   7.2665049e-01   1.3176888e-02   6.5880095e-02   8.9890538e-02   2.2278042e-01   2.0220825e-03   1.4285661e-01   2.3012806e-01   1.3702240e-01   2.1246887e-01   3.8536723e-03   4.4765893e-01   0.0000000e+00   2.4806721e-02   3.4555207e-01   8.9987582e-03   1.9135906e-01   7.1056098e-02   4.9046767e-01   4.8891214e-01   5.1028263e-01   0.0000000e+00   1.6403262e-01   2.2637094e+00   1.0000000e+00   3.6382132e-02
   5.9597215e-01   2.6938451e-01   3.1561365e-01   7.7534742e-06   2.2371637e-01   8.0419061e-01   0.0000000e+00   6.9984788e-02   6.6031993e-01   3.1528835e-02   9.2052561e-02   1.3111731e-01   2.5503520e-02   2.5958991e-01   2.0404242e-02   0.0000000e+00   1.5706880e-02   3.3976816e-01   1.7342027e-02   1.3010360e-01   2.4321338e-01   3.7585199e-01   8.4327136e-03   2.1239814e-01   1.0078778e-01   3.5409706e-01   7.6894340e-01   8.1405098e-03   3.5925872e-01   2.6371495e-01   5.9597215e-01   1.5802935e+00   1.0000000e+00   3.4677677e-02
   1.3261778e-02   0.0000000e+00   3.9113574e-01   2.3866932e-01   0.0000000e+00   5.5783294e-01   3.1131162e-01   2.8982032e-01   7.2375476e-01   3.4818449e-03   6.8640124e-02   8.6014331e-02   2.0590362e-01   0.0000000e+00   1.2569672e-01   2.3126559e-01   1.8269785e-01   2.2752950e-01   8.7461890e-04   5.9181638e-01   4.0936991e-02   6.5117776e-02   3.2948666e-01   9.4353566e-04   2.1914950e-01   1.3967764e-02   4.8981561e-01   5.4295024e-01   4.9597802e-01   2.7974363e-02   1.3261778e-02   2.8060344e+00   1.0000000e+00   3.4596543e-02
   3.5546701e-01   1.1446088e-02   3.7182399e-01   2.7891755e-01   5.0088105e-03   4.6573486e-01   2.9730566e-01   3.8735324e-01   7.4096532e-01   2.5114825e-03   6.1882619e-02   8.1016198e-02   2.0243469e-01   2.1779826e-02   1.3809494e-01   2.1965595e-01   1.1781076e-01   2.1587673e-01   1.6465585e-02   4.6495642e-01   1.1684278e-03   8.9212713e-02   4.1422503e-01   1.8088885e-02   1.8332739e-01   1.4797758e-01   5.6600216e-01   5.5504716e-01   4.9777146e-01   7.1267649e-03   3.5546701e-01   2.0024410e+00   1.0000000e+00   3.4164579e-02
   6.4402302e-01   2.6912683e-01   2.9309574e-01   1.1890519e-03   2.5072133e-01   8.4628892e-01   1.4299464e-02   4.3041513e-03   6.4641347e-01   3.7340129e-02   9.3995415e-02   1.3714569e-01   0.0000000e+00   2.2992043e-01   7.3409839e-03   8.1930372e-03   7.0635637e-03   3.6000052e-01   1.7637866e-02   9.6918645e-02   2.4118059e-01   3.5158906e-01   2.0088151e-02   2.3343988e-01   9.5169068e-02   3.7948179e-01   7.7136939e-01   7.2234565e-03   3.6418072e-01   3.1717849e-01   6.4402302e-01   1.5285529e+00   1.0000000e+00   3.3809448e-02
   2.5253319e-01   0.0000000e+00   4.3338745e-01   2.6283976e-01   2.2907650e-02   5.6256044e-01   2.5655240e-01   4.0064212e-01   7.2230926e-01   7.5847821e-03   5.6468043e-02   8.0128133e-02   1.8785818e-01   1.4707817e-03   1.7592266e-01   2.7360322e-01   1.6433116e-01   2.3189968e-01   1.6153932e-02   4.1685910e-01   1.4489624e-02   3.1109296e-02   3.1742439e-01   5.3144978e-02   1.8478732e-01   6.7378879e-02   5.1598370e-01   4.4771208e-01   5.0270601e-01   6.3974757e-03   2.5253319e-01   2.1216839e+00   1.0000000e+00   3.3325093e-02
   2.5927898e-01   1.1884016e-03   4.2984739e-01   2.5674883e-01   2.2681769e-02   5.3915797e-01   2.5298221e-01   3.7351124e-01   7.2246433e-01   7.9935465e-03   5.7450840e-02   7.8604454e-02   1.8071381e-01   1.5844171e-03   1.7722217e-01   2.7239765e-01   1.6223198e-01   2.3008147e-01   1.6258954e-02   4.2147638e-01   5.5280696e-03   3.1033237e-02   3.2245277e-01   5.4322298e-02   1.8579680e-01   6.2179766e-02   5.2523602e-01   4.4395571e-01   4.9916005e-01   1.1553776e-02   2.5927898e-01   2.0919514e+00   1.0000000e+00   3.3224647e-02
   1.1060273e-02   0.0000000e+00   4.0206230e-01   2.2908745e-01   1.2860076e-02   5.4395088e-01   3.1185448e-01   2.7940774e-01   7.3642876e-01   2.8840145e-03   6.8905420e-02   9.0596534e-02   2.1504466e-01   0.0000000e+00   1.1247806e-01   2.1357823e-01   1.8111924e-01   2.2271407e-01   8.2190982e-03   5.8736634e-01   4.8914250e-02   6.9920085e-02   3.6136533e-01   0.0000000e+00   2.1035752e-01   1.4018336e-02   5.0532251e-01   5.6922746e-01   5.1215751e-01   0.0000000e+00   1.1060273e-02   2.8375241e+00   1.0000000e+00   3.3059932e-02
   1.9763109e-01   0.0000000e+00   4.1111986e-01   2.5660624e-01   0.0000000e+00   5.0198991e-01   2.5161768e-01   4.2931886e-01   7.1358324e-01   2.5429903e-03   5.9160794e-02   7.9987401e-02   1.6523623e-01   1.4473607e-03   1.6596517e-01   2.6776289e-01   1.5347885e-01   2.3038579e-01   1.5103538e-02   4.2495779e-01   2.8389336e-03   2.9065946e-02   2.9604432e-01   4.1764350e-02   1.9496293e-01   5.0620439e-02   5.2028350e-01   4.7774462e-01   5.0324807e-01   0.0000000e+00   1.9763109e-01   2.1765889e+00   1.0000000e+00   3.2900044e-02
   9.0897365e-02   3.2521567e-02   5.0490227e-01   2.3852926e-01   3.5443166e-02   4.7960779e-01   3.4426281e-01   3.2208307e-01   7.2841515e-01   1.1836304e-02   6.4960598e-02   8.2384974e-02   2.1297716e-01   2.7253232e-03   1.4296511e-01   2.3194940e-01   1.4136752e-01   2.2902621e-01   3.5924358e-03   4.7591841e-01   1.7346743e-02   1.5044492e-02   3.6522964e-01   1.1919123e-02   1.9010567e-01   2.2507232e-02   4.7181811e-01   4.6778447e-01   5.3096376e-01   0.0000000e+00   9.0897365e-02   2.4590310e+00   1.0000000e+00   3.2714619e-02
   4.7895602e-01   9.3780628e-02   1.0200416e-02   1.8114658e-05   2.3558849e-01   9.6538738e-01   2.9768377e-01   3.6717700e-02   5.1736806e-01   5.8732201e-02   1.4088404e-01   1.0668695e-01   1.9608629e-03   2.4411347e-01   2.2078007e-02   1.2838127e-04   1.7914912e-02   3.5052626e-01   4.5204437e-02   3.5391912e-01   3.3536941e-01   3.3844338e-01   2.5235035e-02   2.0013400e-01   5.2765463e-02   3.6411585e-01   7.2131718e-01   1.5186735e-02   3.7113697e-01   3.9663249e-01   4.7895602e-01   1.7702347e+00   1.0000000e+00   3.2541385e-02
   4.3174725e-01   9.8726652e-02   0.0000000e+00   1.5922905e-02   2.2782587e-01   9.1005569e-01   3.0387898e-01   0.0000000e+00   5.2044878e-01   7.9547852e-02   1.3603204e-01   1.0485945e-01   2.7361156e-02   1.9995908e-01   8.0002629e-03   6.1568414e-04   8.7478697e-03   3.4111992e-01   4.7189554e-02   3.2821322e-01   2.8753161e-01   3.0853347e-01   1.8611767e-02   2.5811511e-01   5.5948572e-02   4.0599281e-01   7.8124932e-01   1.1588244e-02   3.8477430e-01   4.1012408e-01   4.3174725e-01   1.8208450e+00   1.0000000e+00   3.2514034e-02
   1.4131412e-01   3.9668179e-02   4.9030801e-01   2.4864349e-01   2.4297738e-02   4.5146850e-01   3.1849258e-01   2.9595581e-01   7.2936594e-01   1.2853726e-02   6.5945348e-02   8.8555254e-02   2.2332478e-01   0.0000000e+00   1.4776674e-01   2.3491857e-01   1.3737300e-01   2.1824200e-01   5.2152409e-03   4.9339270e-01   1.7433234e-03   2.8238546e-02   3.5337092e-01   1.0233761e-02   1.9192370e-01   6.2048901e-02   4.8072132e-01   4.7547149e-01   5.1547069e-01   2.1043022e-03   1.4131412e-01   2.3219718e+00   1.0000000e+00   3.2436496e-02
   3.5983160e-01   9.6884843e-02   0.0000000e+00   3.5216309e-02   2.3729677e-01   9.2926014e-01   3.2809154e-01   3.3510202e-04   5.4309245e-01   8.0354740e-02   1.3373853e-01   1.0278873e-01   2.8436787e-02   2.0118141e-01   8.9911522e-03   6.1200678e-03   9.0522864e-03   3.4189783e-01   4.5528061e-02   3.5679917e-01   2.9364301e-01   3.3336615e-01   3.5205468e-02   2.2965165e-01   5.5372596e-02   4.0830914e-01   7.7793824e-01   1.5907783e-02   3.9002309e-01   4.1424488e-01   3.5983160e-01   1.9595458e+00   1.0000000e+00   3.2187773e-02
   1.2759348e-01   3.9864244e-02   4.8708702e-01   2.4912214e-01   2.4231952e-02   4.5995172e-01   3.1652649e-01   2.9756739e-01   7.2908397e-01   1.2494199e-02   6.5989920e-02   8.8752840e-02   2.2604986e-01   0.0000000e+00   1.4776359e-01   2.3193979e-01   1.3769312e-01   2.1842526e-01   4.9340155e-03   4.8891790e-01   7.7700746e-04   2.8937143e-02   3.5287072e-01   9.8704036e-03   1.9273866e-01   6.2219550e-02   4.7984915e-01   4.7468209e-01   5.1492814e-01   3.6588237e-04   1.2759348e-01   2.3532560e+00   1.0000000e+00   3.1930824e-02
   4.6660433e-01   9.1863647e-02   1.6289914e-02   2.3884729e-02   2.3402139e-01   8.5215166e-01   3.1731488e-01   7.4126185e-04   5.2263578e-01   7.4596544e-02   1.3399311e-01   1.0581191e-01   4.9700931e-02   2.0618677e-01   2.3035773e-03   1.6134732e-02   8.1653303e-03   3.3605071e-01   4.7559652e-02   3.2648455e-01   3.2161441e-01   3.2250652e-01   8.4478836e-03   2.3846337e-01   6.4546847e-02   4.1920162e-01   7.5887540e-01   0.0000000e+00   4.0469340e-01   3.7035137e-01   4.6660433e-01   1.7745907e+00   1.0000000e+00   3.1011542e-02
   2.6329543e-03   0.0000000e+00   4.0500754e-01   2.2994245e-01   3.2502452e-02   5.5360798e-01   3.0508004e-01   2.6751826e-01   7.3409952e-01   1.0725882e-03   6.8093838e-02   8.4676387e-02   1.9761490e-01   7.0661259e-03   1.1627646e-01   2.1805691e-01   1.8683195e-01   2.1387838e-01   7.6931433e-03   6.0668115e-01   3.7189085e-02   7.7477194e-02   3.1195420e-01   0.0000000e+00   2.2493245e-01   1.4654070e-02   5.0073994e-01   5.0404665e-01   4.9994976e-01   0.0000000e+00   2.6329543e-03   2.8995670e+00   1.0000000e+00   3.0959637e-02
   6.1547176e-01   2.7310983e-01   3.1511694e-01   6.6575800e-03   2.4398076e-01   8.1371743e-01   2.0808834e-02   4.2127531e-02   6.6226000e-01   3.0756384e-02   9.1754521e-02   1.3297284e-01   2.4597232e-02   2.4482166e-01   2.3554479e-02   3.8725508e-04   9.3676599e-03   3.4539969e-01   1.9351281e-02   1.3863654e-01   2.3868660e-01   3.8639172e-01   8.5457129e-03   2.1348307e-01   1.0456957e-01   3.6771849e-01   7.7324926e-01   8.3206743e-03   3.5638030e-01   2.4783090e-01   6.1547176e-01   1.5693457e+00   1.0000000e+00   3.0862149e-02
   1.3191763e-01   3.6183017e-02   4.7171941e-01   2.4117608e-01   2.2364200e-02   4.2336927e-01   3.1579191e-01   2.9721381e-01   7.3937261e-01   1.3365439e-02   6.2980194e-02   8.8798989e-02   2.1599561e-01   0.0000000e+00   1.4517882e-01   2.3065677e-01   1.3955521e-01   2.2016420e-01   5.2652731e-03   4.9778855e-01   0.0000000e+00   2.6945495e-02   3.6902433e-01   3.7866259e-03   1.9602940e-01   6.4225170e-02   4.8558718e-01   4.5646998e-01   5.2067905e-01   0.0000000e+00   1.3191763e-01   2.3279388e+00   1.0000000e+00   3.0622691e-02
   2.1481527e-01   4.1732555e-03   4.1591446e-01   2.6526035e-01   2.0012830e-02   5.2796280e-01   2.3833409e-01   3.9711788e-01   7.1593232e-01   5.6010168e-03   5.8901636e-02   8.6224527e-02   1.5948988e-01   2.4051716e-03   1.5842053e-01   2.7532076e-01   1.4990957e-01   2.2103679e-01   1.7426939e-02   4.1106132e-01   9.1238965e-04   3.7558516e-02   3.0090031e-01   4.5427100e-02   1.8954671e-01   7.2138809e-02   4.9458650e-01   4.2434087e-01   5.0025778e-01   0.0000000e+00   2.1481527e-01   2.1305530e+00   1.0000000e+00   3.0603051e-02
   8.8399672e-01   2.3570721e-01   3.1401781e-01   3.0071793e-02   2.0722495e-01   7.1747586e-01   6.2207349e-05   1.6555440e-02   6.7938846e-01   3.4588261e-02   1.0478062e-01   1.3826223e-01   1.5397461e-02   1.7927846e-01   3.1678035e-03   1.3103373e-02   6.4486451e-03   3.2895381e-01   2.1340167e-02   4.6820669e-02   2.6459212e-01   3.0895899e-01   0.0000000e+00   2.1674654e-01   6.2965492e-02   3.4873586e-01   7.5203317e-01   0.0000000e+00   3.6243860e-01   3.0731851e-01   8.8399672e-01   1.2080949e+00   1.0000000e+00   3.0335111e-02
   7.5887261e-01   2.3093472e-01   3.1682609e-01   3.5655228e-02   2.3774147e-01   7.4263634e-01   0.0000000e+00   1.1356800e-02   6.8176108e-01   3.4333505e-02   1.0281245e-01   1.4698476e-01   3.1437240e-03   1.8364558e-01   7.6789592e-03   6.3154953e-04   4.8247180e-03   3.2780793e-01   2.1177129e-02   5.5855345e-03   2.5279878e-01   3.1734995e-01   2.5608704e-05   2.4895122e-01   9.4644890e-02   4.0615145e-01   7.8444367e-01   0.0000000e+00   3.6143561e-01   3.6643049e-01   7.5887261e-01   1.3716830e+00   1.0000000e+00   3.0040866e-02
   4.1854237e-01   9.6367089e-02   0.0000000e+00   1.7766917e-02   2.2776841e-01   9.0440497e-01   2.9149483e-01   3.3592544e-05   5.2151875e-01   7.8864898e-02   1.3560424e-01   1.0477441e-01   2.7646114e-02   1.9992334e-01   8.0013619e-03   0.0000000e+00   8.7880961e-03   3.4132612e-01   4.7531356e-02   3.2768217e-01   2.8836331e-01   3.0847995e-01   1.8910476e-02   2.5852043e-01   5.5139854e-02   4.0617372e-01   7.8100735e-01   1.1052260e-02   3.8521220e-01   4.1075008e-01   4.1854237e-01   1.8337350e+00   1.0000000e+00   2.9632091e-02
   7.1613960e-01   2.1323707e-01   3.3011829e-01   7.3603861e-02   2.4543761e-01   7.6532748e-01   5.3953861e-03   5.8946833e-04   6.8984240e-01   3.4855305e-02   1.0729374e-01   1.3365809e-01   1.6314594e-02   1.8076172e-01   3.0327474e-03   1.1508102e-03   0.0000000e+00   3.2212427e-01   2.1147495e-02   4.4374147e-02   2.4662336e-01   3.1373370e-01   2.0747828e-03   2.6963033e-01   8.3788967e-02   3.6439520e-01   7.8783050e-01   0.0000000e+00   3.6270184e-01   3.4788530e-01   7.1613960e-01   1.4227180e+00   1.0000000e+00   2.9055742e-02
   9.6167213e-01   2.4592492e-01   3.1419871e-01   1.6667302e-02   2.3597782e-01   7.6547971e-01   7.9070284e-03   2.4139214e-02   6.7296120e-01   3.3920915e-02   1.0192822e-01   1.3066942e-01   1.5010971e-02   1.8412642e-01   2.7269466e-03   4.8491544e-02   1.0404656e-02   3.3934845e-01   2.1325628e-02   4.2156293e-02   2.8071216e-01   2.9460170e-01   0.0000000e+00   2.6062081e-01   7.7149000e-02   3.4265223e-01   7.3417960e-01   7.6811981e-03   3.0484860e-01   2.8088754e-01   9.6167213e-01   1.1583362e+00   1.0000000e+00   2.8946752e-02
   7.5122164e-01   2.3465731e-01   3.2066077e-01   5.1950764e-02   2.2698272e-01   7.4532451e-01   4.0781057e-03   2.9927160e-02   6.8053788e-01   3.4068012e-02   1.0333796e-01   1.4906537e-01   1.0820628e-02   1.7878171e-01   9.9882527e-03   6.5893333e-03   0.0000000e+00   3.2847356e-01   2.1489183e-02   2.5492981e-03   2.8474694e-01   3.1905710e-01   0.0000000e+00   2.5281600e-01   8.9182349e-02   4.0582914e-01   7.6967925e-01   0.0000000e+00   3.5952997e-01   3.6286189e-01   7.5122164e-01   1.3918375e+00   1.0000000e+00   2.8551835e-02
   8.0030379e-01   2.3411260e-01   3.1123257e-01   1.9080357e-02   2.1914413e-01   7.4384446e-01   7.0603526e-03   0.0000000e+00   6.8158801e-01   3.7099161e-02   1.0207103e-01   1.4814020e-01   0.0000000e+00   1.9350299e-01   5.4552445e-03   0.0000000e+00   2.6484206e-03   3.2562101e-01   2.2142490e-02   1.5393077e-02   2.5495993e-01   3.2011989e-01   0.0000000e+00   2.4280416e-01   9.2238413e-02   4.2184413e-01   7.7157771e-01   2.0112957e-02   3.7163902e-01   3.5587644e-01   8.0030379e-01   1.3302145e+00   1.0000000e+00   2.8102802e-02
   1.9359058e-01   1.9342946e-04   4.1740321e-01   2.6493603e-01   2.6778143e-02   5.2588738e-01   2.3017184e-01   4.0299973e-01   7.1600215e-01   5.4242692e-03   5.9494833e-02   8.6118491e-02   1.6508082e-01   3.7864530e-03   1.5882879e-01   2.7383026e-01   1.4941658e-01   2.2343238e-01   1.6935970e-02   4.1596772e-01   1.6211573e-03   4.0087340e-02   2.9291196e-01   5.9057106e-02   1.8730065e-01   7.3070978e-02   4.9330529e-01   4.2996975e-01   5.1774570e-01   4.0631275e-03   1.9359058e-01   2.1830625e+00   1.0000000e+00   2.7969628e-02
   1.2561054e-01   4.1813953e-02   5.0449887e-01   2.4724550e-01   4.1159321e-02   4.5462439e-01   3.2329006e-01   3.0700999e-01   7.2604606e-01   1.2282761e-02   6.6549393e-02   8.7528546e-02   2.2554192e-01   6.3024945e-04   1.3880668e-01   2.3719071e-01   1.3464461e-01   2.2163906e-01   4.7183128e-03   4.4548600e-01   1.0152203e-02   6.2366004e-02   3.7198909e-01   4.0908152e-03   1.9321727e-01   6.6179476e-02   4.8317823e-01   4.8709182e-01   5.0491559e-01   1.9026404e-03   1.2561054e-01   2.3753661e+00   1.0000000e+00   2.7871320e-02
   8.6213066e-01   2.4051270e-01   3.1308699e-01   3.0769475e-02   2.1049861e-01   6.9968646e-01   3.8255750e-03   1.6864419e-02   6.7723634e-01   3.5305989e-02   1.0477128e-01   1.3890691e-01   1.5966169e-02   1.7789371e-01   3.4125545e-03   1.3169497e-02   6.3478090e-03   3.2866301e-01   2.0414266e-02   2.5365539e-02   2.6636694e-01   3.0811686e-01   0.0000000e+00   2.1142331e-01   6.2787024e-02   3.5443149e-01   7.5288312e-01   0.0000000e+00   3.6377715e-01   3.1068193e-01   8.6213066e-01   1.2223764e+00   1.0000000e+00   2.7677027e-02
   7.4340650e-01   2.2610104e-01   3.3116347e-01   4.1183643e-02   2.4688155e-01   7.5386484e-01   7.7162493e-03   1.8423578e-02   6.8942904e-01   3.5950876e-02   1.0340301e-01   1.3713021e-01   0.0000000e+00   1.9699387e-01   0.0000000e+00   1.0475233e-02   2.9456507e-05   3.2702469e-01   2.1391672e-02   3.8805701e-02   2.4874672e-01   3.0224407e-01   8.0169675e-03   2.5411994e-01   8.6428812e-02   3.8982089e-01   7.7935646e-01   3.0267195e-03   3.5692895e-01   3.5286593e-01   7.4340650e-01   1.3959036e+00   1.0000000e+00   2.7134663e-02
   9.5662989e-01   2.3396145e-01   2.9542316e-01   2.0956834e-02   2.4455695e-01   7.5724680e-01   2.7542880e-02   2.3622192e-02   6.7373374e-01   3.6722961e-02   9.9936159e-02   1.2819219e-01   1.6237434e-02   1.7865640e-01   0.0000000e+00   5.4524714e-02   1.8869315e-02   3.3907551e-01   2.2648932e-02   4.8479466e-03   2.9522397e-01   2.9588051e-01   4.7271822e-03   2.4636810e-01   7.1534979e-02   3.6254077e-01   7.5897848e-01   2.4800089e-02   3.3079358e-01   2.7155754e-01   9.5662989e-01   1.1719735e+00   1.0000000e+00   2.7110523e-02
   5.9238404e-01   2.8648081e-01   3.1701551e-01   8.7680988e-03   2.5068946e-01   8.1150093e-01   0.0000000e+00   2.6778560e-02   6.5731900e-01   3.1407923e-02   9.3185562e-02   1.3525226e-01   1.9318495e-02   2.3804080e-01   2.3543408e-02   4.5228141e-05   1.9640030e-02   3.4628277e-01   1.7402186e-02   1.3935913e-01   2.3790366e-01   3.8575577e-01   0.0000000e+00   2.1551287e-01   9.5533144e-02   3.8049561e-01   7.7417960e-01   1.1586612e-02   3.5441066e-01   2.5101585e-01   5.9238404e-01   1.5907977e+00   1.0000000e+00   2.6870731e-02
   1.8687776e-01   8.1871603e-03   4.0974208e-01   2.8092657e-01   7.5513455e-03   5.1709543e-01   2.5776449e-01   3.9728495e-01   7.1198316e-01   8.3242989e-03   5.5135429e-02   8.4696689e-02   1.7400321e-01   1.0895005e-02   1.7386560e-01   2.6724908e-01   1.6217931e-01   2.3019512e-01   1.7429032e-02   3.9921795e-01   2.4379668e-02   2.2402846e-02   3.1062094e-01   2.0391666e-02   1.8572745e-01   5.8382159e-02   5.1611362e-01   4.5854218e-01   5.0540289e-01   1.1121839e-02   1.8687776e-01   2.2084549e+00   1.0000000e+00   2.6743617e-02
   1.5236398e-01   0.0000000e+00   4.0154208e-01   2.6799886e-01   3.9045670e-03   5.2307080e-01   2.5084197e-01   3.8524383e-01   7.1453302e-01   4.7767353e-03   5.3919226e-02   8.2115345e-02   1.9974336e-01   1.2281234e-02   1.8338697e-01   2.6626044e-01   1.7112813e-01   2.2081898e-01   1.7041075e-02   4.2677582e-01   2.2166617e-02   4.0588198e-02   3.2357893e-01   3.1554651e-02   2.0040879e-01   4.4770248e-02   5.1720263e-01   4.7868974e-01   5.1278872e-01   1.6222896e-02   1.5236398e-01   2.3043423e+00   1.0000000e+00   2.6566250e-02
   1.6042882e-01   4.8973686e-02   4.9270759e-01   2.4524851e-01   3.2657066e-02   4.4612746e-01   3.2509771e-01   2.9829207e-01   7.2652150e-01   1.3645366e-02   6.5716147e-02   8.9891927e-02   2.2288876e-01   2.1702740e-03   1.4251212e-01   2.3040128e-01   1.3711357e-01   2.1238340e-01   3.9356091e-03   4.5299965e-01   0.0000000e+00   2.5939865e-02   3.4412856e-01   8.9466166e-03   1.9126522e-01   6.9238839e-02   4.9038706e-01   4.8808605e-01   5.1050086e-01   0.0000000e+00   1.6042882e-01   2.2715015e+00   1.0000000e+00   2.6463684e-02
   8.2980318e-01   2.8004847e-01   3.0027743e-01   9.0726202e-03   2.3829539e-01   7.0250374e-01   1.5524279e-02   2.8363041e-04   6.8751642e-01   4.2383878e-02   1.0715425e-01   1.4000316e-01   2.1616878e-02   1.9700690e-01   4.0178322e-03   2.2375509e-02   0.0000000e+00   3.2474013e-01   2.2343078e-02   2.0899689e-02   2.8219209e-01   2.8285739e-01   1.6805944e-02   2.3923344e-01   7.4994810e-02   3.7709374e-01   7.5449938e-01   2.6894803e-02   3.5980726e-01   3.1226487e-01   8.2980318e-01   1.2898865e+00   1.0000000e+00   2.5852973e-02
   8.0032370e-01   2.8000989e-01   3.0022274e-01   9.0656575e-03   2.3809944e-01   7.0272426e-01   1.5108399e-02   0.0000000e+00   6.8588729e-01   4.2262857e-02   1.0776153e-01   1.4000439e-01   2.1711398e-02   1.9825271e-01   4.2381734e-03   2.2080853e-02   0.0000000e+00   3.2485299e-01   2.2374026e-02   1.4224923e-02   2.8337720e-01   2.8333929e-01   1.6838867e-02   2.3814028e-01   7.4931317e-02   3.7701929e-01   7.5449184e-01   2.6186213e-02   3.5976328e-01   3.1239579e-01   8.0032370e-01   1.3156304e+00   1.0000000e+00   2.5643081e-02
   2.8453617e-01   2.2295145e-03   4.2958451e-01   2.5631356e-01   2.8281029e-02   5.2591406e-01   2.5065216e-01   3.9268776e-01   7.2495797e-01   3.4859227e-03   5.8509102e-02   7.8821519e-02   1.8588510e-01   0.0000000e+00   1.7919791e-01   2.8384873e-01   1.5931467e-01   2.2577265e-01   1.5271671e-02   4.2932392e-01   1.5278687e-02   3.2663497e-02   3.1355270e-01   5.3000452e-02   1.9394992e-01   6.0960478e-02   5.1116955e-01   4.4780700e-01   5.0412746e-01   0.0000000e+00   2.8453617e-01   2.0546001e+00   1.0000000e+00   2.5245257e-02
   3.8470268e-01   9.9210290e-02   4.3017694e-03   3.5170845e-02   2.3541689e-01   9.3006225e-01   3.0479325e-01   0.0000000e+00   5.3601302e-01   8.1212934e-02   1.3572118e-01   1.0391801e-01   2.8380211e-02   2.0511327e-01   8.8138117e-03   6.4621519e-03   9.1864845e-03   3.4203055e-01   4.6629555e-02   3.5596000e-01   2.9401199e-01   3.3150816e-01   3.6048022e-02   2.2986602e-01   5.5258487e-02   4.0789361e-01   7.7750265e-01   1.6163316e-02   3.8993133e-01   4.1841035e-01   3.8470268e-01   1.9207499e+00   1.0000000e+00   2.5040329e-02
   2.8823016e-02   0.0000000e+00   4.0258920e-01   2.3871009e-01   3.0420063e-02   5.6509715e-01   3.0703520e-01   2.4894046e-01   7.3412645e-01   8.7051375e-04   6.9118880e-02   8.3806336e-02   2.1285299e-01   8.9805091e-03   1.1608776e-01   2.1169638e-01   1.8360049e-01   2.1449958e-01   8.5800745e-03   5.7760325e-01   4.4735765e-02   8.2040722e-02   3.1353067e-01   0.0000000e+00   2.1811761e-01   1.4549754e-02   4.9966375e-01   5.0970136e-01   5.0026059e-01   0.0000000e+00   2.8823016e-02   2.6920058e+00   1.0000000e+00   2.4481938e-02
   8.3994516e-01   2.7910947e-01   2.9804333e-01   1.8211651e-02   2.3670173e-01   7.2101241e-01   1.2253625e-02   0.0000000e+00   6.8596912e-01   3.5114178e-02   1.0486921e-01   1.4051089e-01   2.4013648e-02   2.0218736e-01   6.4699602e-03   4.7000026e-03   1.0000270e-03   3.2484354e-01   2.2260570e-02   0.0000000e+00   2.8888854e-01   2.8227437e-01   0.0000000e+00   2.4841424e-01   7.9577866e-02   3.8239444e-01   7.5288317e-01   9.3732373e-04   3.6186893e-01   3.2278361e-01   8.3994516e-01   1.2748344e+00   1.0000000e+00   2.4118514e-02
   5.7809249e-03   0.0000000e+00   4.0455206e-01   2.2768821e-01   3.2071328e-02   5.5308759e-01   3.0639642e-01   2.6788881e-01   7.3410933e-01   1.0809941e-03   6.7330453e-02   8.4461901e-02   1.9761815e-01   7.0301131e-03   1.1675964e-01   2.1639917e-01   1.8739110e-01   2.1391641e-01   7.7963851e-03   5.9526538e-01   3.7342805e-02   7.8919632e-02   3.1191961e-01   0.0000000e+00   2.2678067e-01   1.4665445e-02   5.0072222e-01   5.0429785e-01   4.9976742e-01   0.0000000e+00   5.7809249e-03   2.8533791e+00   1.0000000e+00   2.4089687e-02
   9.3871072e-01   2.3849324e-01   2.9750407e-01   1.7315937e-02   2.4376709e-01   7.6307633e-01   7.3194423e-03   3.0451674e-02   6.7347095e-01   3.6637493e-02   1.0089595e-01   1.2961215e-01   1.4555661e-02   1.7886393e-01   2.8937265e-05   5.1742361e-02   1.0954437e-02   3.3808683e-01   2.3049055e-02   9.3206536e-05   2.8370372e-01   2.9181954e-01   3.1945697e-03   2.4518178e-01   7.0168649e-02   3.5964299e-01   7.5850890e-01   3.2843530e-03   3.3225444e-01   2.9338917e-01   9.3871072e-01   1.1781223e+00   1.0000000e+00   2.4019149e-02
   5.8000704e-01   2.4759497e-01   3.1709378e-01   5.7533198e-03   2.4728882e-01   8.1750918e-01   1.2406195e-02   0.0000000e+00   6.5361279e-01   3.0996639e-02   9.3275313e-02   1.3287222e-01   1.2998367e-02   2.6246336e-01   1.1395857e-02   6.5891189e-03   0.0000000e+00   3.4553342e-01   1.7720949e-02   7.6150162e-02   2.2953427e-01   4.2657817e-01   2.2097313e-02   2.3174994e-01   9.2083325e-02   3.9124809e-01   7.6848111e-01   3.6990202e-03   3.6312799e-01   2.9160264e-01   5.8000704e-01   1.6004789e+00   1.0000000e+00   2.3750965e-02
   8.4520219e-01   2.7942525e-01   2.9764882e-01   1.8298801e-02   2.3668082e-01   7.2111195e-01   1.2032028e-02   0.0000000e+00   6.8621902e-01   3.5083475e-02   1.0489481e-01   1.4057759e-01   2.4087776e-02   2.0209200e-01   6.4841900e-03   4.7889338e-03   8.9285186e-04   3.2481701e-01   2.2260072e-02   2.1459985e-04   2.8933972e-01   2.8119049e-01   3.2213543e-04   2.4832829e-01   7.8655617e-02   3.8211718e-01   7.5290975e-01   9.5912223e-04   3.6190191e-01   3.2202996e-01   8.4520219e-01   1.2695983e+00   1.0000000e+00   2.3552553e-02
   6.2857331e-01   2.7578015e-01   2.7916706e-01   0.0000000e+00   2.5858904e-01   8.2086915e-01   2.8766819e-03   1.1404823e-02   6.4867889e-01   3.7228720e-02   9.4052131e-02   1.3757610e-01   0.0000000e+00   2.5350286e-01   8.2696565e-05   3.5805299e-03   4.8878764e-03   3.5484624e-01   1.7425751e-02   9.9283713e-02   2.2155430e-01   3.5573656e-01   1.4853059e-02   2.4506372e-01   9.6526116e-02   3.7971730e-01   7.9368046e-01   0.0000000e+00   3.5387635e-01   3.2623090e-01   6.2857331e-01   1.5414986e+00   1.0000000e+00   2.3311038e-02
   6.8825654e-02   9.0928528e-03   5.1318314e-01   2.6846640e-01   3.7370280e-02   5.2361995e-01   3.3239821e-01   3.0123090e-01   7.3601297e-01   1.2500251e-02   5.7394675e-02   8.2679649e-02   2.2563118e-01   2.2144164e-02   1.4015595e-01   2.5172735e-01   1.5352622e-01   2.0864107e-01   4.0502651e-03   5.0266072e-01   5.2606362e-03   6.9201985e-02   3.7426861e-01   3.4933774e-02   2.0068919e-01   5.4773055e-02   4.2248117e-01   3.9706803e-01   5.0835580e-01   0.0000000e+00   6.8825654e-02   2.5470581e+00   1.0000000e+00   2.3049391e-02
   2.7096685e-01   0.0000000e+00   4.1668202e-01   2.6119833e-01   2.9653269e-02   5.3440626e-01   2.5526105e-01   3.9938778e-01   7.1423620e-01   4.4603225e-03   5.3875126e-02   7.9348296e-02   1.8562986e-01   0.0000000e+00   1.6752600e-01   2.6406219e-01   1.7075558e-01   2.2845348e-01   1.7663971e-02   4.2973244e-01   1.6251675e-02   2.4521065e-02   3.3184241e-01   5.5124392e-02   1.9128114e-01   4.4988907e-02   5.4199493e-01   4.8093571e-01   4.9651937e-01   0.0000000e+00   2.7096685e-01   2.0855627e+00   1.0000000e+00   2.3028771e-02
   4.4857460e-02   1.5798711e-03   4.8981538e-01   2.3495673e-01   3.7545418e-02   4.5911339e-01   3.4373560e-01   3.0679587e-01   7.3074636e-01   1.1423797e-02   6.4285932e-02   8.7222202e-02   2.2189067e-01   0.0000000e+00   1.4223666e-01   2.2347092e-01   1.2982518e-01   2.2835829e-01   3.3549268e-03   4.8691848e-01   1.2643848e-02   3.6051072e-02   3.5726408e-01   2.6102639e-02   1.9637632e-01   4.0311692e-02   4.6332713e-01   4.9717917e-01   5.2093043e-01   3.1925084e-03   4.4857460e-02   2.6075833e+00   1.0000000e+00   2.3012244e-02
   2.7817585e-01   1.5507641e-02   4.2750825e-01   2.6398880e-01   2.2480048e-02   5.3020004e-01   2.6871962e-01   3.9981308e-01   7.1580873e-01   2.7468794e-03   5.4908047e-02   7.7536935e-02   1.9226204e-01   3.9750040e-03   1.6984047e-01   2.6868767e-01   1.5909776e-01   2.2861246e-01   1.7630627e-02   4.1361294e-01   2.0775833e-02   1.1348991e-03   3.2282396e-01   5.8518909e-02   1.9153978e-01   8.7653111e-02   5.0203682e-01   4.7951512e-01   5.2383958e-01   1.5414970e-02   2.7817585e-01   2.0843036e+00   1.0000000e+00   2.2890422e-02
   2.5463554e-01   0.0000000e+00   4.3382945e-01   2.6306128e-01   2.2739723e-02   5.5607025e-01   2.5854318e-01   4.0292223e-01   7.2227193e-01   7.5273901e-03   5.6414300e-02   7.9852380e-02   1.8861772e-01   1.7687335e-03   1.7604606e-01   2.7170191e-01   1.6352730e-01   2.3165893e-01   1.6051599e-02   4.1572163e-01   1.4099163e-02   3.0806518e-02   3.1597737e-01   5.0061305e-02   1.8481358e-01   6.8825897e-02   5.1789075e-01   4.4976151e-01   5.0270696e-01   6.6534167e-03   2.5463554e-01   2.1168308e+00   1.0000000e+00   2.2809504e-02
   6.2040082e-01   2.7603068e-01   2.7955435e-01   7.6655003e-04   2.6076171e-01   8.1435167e-01   2.8144746e-03   1.1757756e-02   6.4938594e-01   3.7307178e-02   9.4071291e-02   1.3764356e-01   6.6432135e-04   2.5258837e-01   6.2892005e-05   3.6194225e-03   4.8572381e-03   3.5462335e-01   1.7383578e-02   1.0069878e-01   2.2305601e-01   3.5416627e-01   1.4910782e-02   2.4479532e-01   9.6368592e-02   3.7936073e-01   7.9480796e-01   0.0000000e+00   3.5393500e-01   3.2645197e-01   6.2040082e-01   1.5502220e+00   1.0000000e+00   2.2698902e-02
   9.7382990e-04   0.0000000e+00   4.0253891e-01   2.3254821e-01   2.2795373e-02   5.6541961e-01   3.1968742e-01   2.5592864e-01   7.3279627e-01   0.0000000e+00   6.7779371e-02   8.5529468e-02   2.0225200e-01   1.0434843e-02   1.1723681e-01   2.3013372e-01   1.8387309e-01   2.1577761e-01   7.3168751e-03   6.1357241e-01   3.5743490e-02   8.7612257e-02   3.1399926e-01   1.2414941e-03   2.2669723e-01   1.2782603e-03   4.9258648e-01   4.8248970e-01   5.0087788e-01   9.7307978e-05   9.7382990e-04   2.9348159e+00   1.0000000e+00   2.2570074e-02
   6.3490145e-01   2.7358525e-01   2.7995739e-01   0.0000000e+00   2.5799316e-01   8.1842436e-01   2.8630009e-03   1.1404566e-02   6.4882900e-01   3.7232186e-02   9.4168011e-02   1.3760185e-01   0.0000000e+00   2.5417977e-01   7.7923525e-05   3.5410474e-03   4.9661283e-03   3.5616200e-01   1.7463584e-02   1.0037271e-01   2.2060159e-01   3.5607731e-01   1.4830103e-02   2.4505821e-01   9.6401333e-02   3.7971723e-01   7.9318538e-01   0.0000000e+00   3.5394990e-01   3.2498771e-01   6.3490145e-01   1.5339147e+00   1.0000000e+00   2.2443876e-02
   2.8386019e-01   0.0000000e+00   4.3404995e-01   2.6536023e-01   2.4765293e-02   5.5515785e-01   2.4756341e-01   4.0350202e-01   7.2435890e-01   7.1122951e-03   5.7899816e-02   7.9041123e-02   1.8923299e-01   0.0000000e+00   1.7582515e-01   2.8173198e-01   1.6291332e-01   2.2941427e-01   1.6109832e-02   4.2575053e-01   1.5655156e-02   3.9593771e-02   3.1146644e-01   5.2375788e-02   1.8838641e-01   6.9525863e-02   5.0745173e-01   4.3859839e-01   5.0302181e-01   0.0000000e+00   2.8386019e-01   2.0670590e+00   1.0000000e+00   2.2408347e-02
   7.9145115e-04   0.0000000e+00   4.0420540e-01   2.3038226e-01   3.2497808e-02   5.5301713e-01   3.0472181e-01   2.6792812e-01   7.3387691e-01   1.1228799e-03   6.8061720e-02   8.4602640e-02   1.9766459e-01   7.0479792e-03   1.1576983e-01   2.1812153e-01   1.8377182e-01   2.1393271e-01   7.6973621e-03   6.0625604e-01   3.6828081e-02   7.7684139e-02   3.0984708e-01   1.1509955e-03   2.2438322e-01   1.5226269e-02   5.0139423e-01   5.0403471e-01   4.9988430e-01   0.0000000e+00   7.9145115e-04   2.9379339e+00   1.0000000e+00   2.2024876e-02
